750
593
562 563
989
684 685
628 631
589 590
577 578
887
849
639
986
948
390 392
527 529
1
28
871 872
94 95
285 288
889
120
638
937 940
27 30
343 344
153 156
91 93
401 402
313
472
85 88
90
657 660
350 355
588
993 995
49 51
816 817
277
254
181
22
775
441
368 371
718
126 128
89
300
393
225
179
191 195
861 866
71 72
385 388
286
78
442
765 769
610
118 119
9
60
197
654
109
820
677
144 146
252 253
202
599 600
329
241
391
438 443
281
335 336
659 661
262 264
200 204
716 717
249 250
83
860
5
434 437
166
296
479
50
155 157
752 758
48
620 622
664 666
6 8
481 482
936
635 636
41
433
34
20 26
581 582
284
564 566
131 133
359 363
409 410
125
951
570
80 82
771
560
216
476 478
45
168 169
40 44
458 461
899
494 495
583 585
352
759 760
214 215
681 683
832 833
539
210
245
148
411
96 97
457
414 417
180 182
837 840
969
436
196
834 835
145
768
224 227
484 487
808 810
114 115
470 475
198 199
173 175
330 331
394 395
149
532
630 632
740 744
451
745
98
140
46 47
675 676
703 705
306 310
617 619
260
24
761
251
384 386
512 513
452 454
609 612
272
301
488
736
38
183 185
805 806
77
25
602
29
243 246
450
81
364
956 957
403 405
127
217
553 558
846 853
939
526
92
514
222
480
604
11
510 511
106
644
309
536
147 150
929 930
66 67
627
723
499
710 711
178
279
704
174
7
614
176
949 953
369
545 547
879 881
857 858
707
462
161 162
231 234
59 64
626
629
543 544
795 796
328
228
466 471
255
247
671
776
339 341
847 856
259 263
36 37
208
645
35
358
233
455 459
714 715
688
258
87
211
287
113
516
4
167
799
265
70
154
483
818 824
163 165
10 12
347
893
884 885
261
924
219
278
189
724
201
121
52 53
469 474
373 376
668 670
910 912
266 269
735 737
407 408
297 304
838 841
311
984 988
729
746
170
268
435
615 618
54 55
275
497
230
606
13
485
596
567
23
958 960
961 965
193
994
916 918
812
116 117
324 327
274
62
576
3
387
138 143
14
43
424 427
103
294
517 518
751 753
413 415
289 290
997
367
662 665
134 137
382 383
270 273
159
370
404
546
203
21
33
348
439
923
932 934
299
422 426
972
19
298
754
926
568 571
381
848
111
423
756
523 524
601 603
307 318
624 625
212
107
340
778
332
416
888
702
648
292
244 248
851
697 699
551
493
826
100
74
112
132
276
42
491
75
616
755
184
187
550
99 101
129 130
139
802
575
970
39
873 876
456
15 18
412
584
501 503
894 897
314
990 991
17
76 79
205
374
349
525 528
822
142
362
342
360
473
302
505
63
194
467
815
728
504
732
283
256 257
229
813 814
682
73
800 801
982 985
509
557
218 221
315
136
673 674
446
406
508
574
807
400
232
317
357
312
803
764
463
727
613
209
777
105 108
947 952
559
477
177
520
867
605
964
591
346
377
271 280
784
460
823
844
31 32
151 152
852
878
829
16
135
323
305
56
320
102 104
337 338
913
345 353
507
430
333
319
238 242
421
141
698 701
973 974
623
397
950
908
712
431
533
742
556
351
158 160
468
502
830
594
919 927
428 432
378
695 696
741
611
977 979
530
123 124
734
555
464 465
325
389
239
561
647
500
825 828
774 781
962
719
440
425
572 573
901 903
785
122
538
267
692
282
303
334
356
933
655
941 943
61 65
987
236 237
444 445
496 498
831
686 689
672
658
361
770 773
891 892
821
921
809
637 643
316
621
213
597
321 322
164
515
569
490 492
650
762 763
720 721
811
110
293
489
549
540
220
690
797 798
911 915
651 653
869
453
240
420
886
708
679
819
791
326
429
788 789
904 909
667
691
486
743
354
850
396
235
519
379
687
380
663
870
531
649
565
192
642
680
398 399
506
725
907
186
554
641
992
372 375
171 172
223 226
541
942
793 794
722
978
592
842
646
766
874
669
865
706
836
652
640
877
448
914
959
713
786
738
996 999
0 2
896
730
308
967 968
880
922
693
656
678
747
955
780
365 366
749 750
900
804
726 731
845
757
779
963
188 190
534 535
787
792
855
537 542
863
767
548 552
733
772
859
579 580
57 58
694
854
206 207
905
931
971
827
864
739
920 928
975
700 709
748
521 522
906
839
790
976
917
998
890
843
875
935
925
938
895
944
954
68 69
633 634
980 981
898 902
966
983
291 295
84 86
607 608
595 598
882 883
418 419
447 449
586 587
782 783
862 868
945 946
